0	12267
1	57069
2	17522
3	41205
4	42468
5	53494
6	35906
7	53959
8	18816
9	36076
10	1972
11	6206
12	61504
13	28498
14	7378
15	34661
16	7965
17	694
18	4607
19	52857
20	53281
21	24322
22	44990
23	27956
24	2976
25	20665
26	37002
27	57565
28	56682
29	62840
30	24007
31	3413
32	54374
33	41530
34	44619
35	31306
36	29488
37	14989
38	19730
39	48304
40	51065
41	21702
42	54511
43	47034
44	50200
45	61889
46	16159
47	58166
48	62583
49	20766
50	45487
51	50328
52	45089
53	24942
54	12749
55	48065
56	45607
57	49751
58	40095
59	36753
60	47056
61	64102
62	40166
63	35894
64	40096
65	19249
66	1664
67	4048
68	34238
69	21394
70	52353
71	19768
72	43096
73	41328
74	1266
75	27761
76	37681
77	17425
78	20391
79	34729
80	38191
81	342
82	19521
83	17744
84	25284
85	32270
86	274
87	5355
88	16486
89	40369
90	42108
91	63542
92	38935
93	16739
94	33900
95	13496
96	35988
97	35564
98	17544
99	4691
100	56959
101	4361
102	24459
103	34519
104	45689
105	25725
106	62280
107	17835
108	43150
109	17135
110	52564
111	15805
112	17478
113	6549
114	33550
115	42762
116	38820
117	33824
118	48118
119	55306
120	8657
121	24690
122	53312
123	47592
124	41429
125	21676
126	61088
127	11882
128	57240
129	13097
130	16573
131	48663
132	17458
133	41032
134	17647
135	63148
136	1221
137	14391
138	15447
139	44371
140	31527
141	2475
142	60176
143	49005
144	9024
145	28190
146	26231
147	47844
148	62014
149	8813
150	37614
151	5135
152	33504
153	25390
154	52728
155	9397
156	47066
157	48280
158	21279
159	38771
160	61377
161	37852
162	21898
163	13300
164	13348
165	39545
166	10912
167	14569
168	53937
169	26359
170	58940
171	19928
172	28834
173	53581
174	3397
175	37858
176	16235
177	29628
178	20167
179	12714
180	38442
181	57781
182	17849
183	6410
184	17636
185	5041
186	15807
187	64702
188	53322
189	37087
190	37937
191	49163
192	9403
193	59836
194	62463
195	22752
196	33845
197	7839
198	37321
199	22246
200	34198
201	30726
202	42174
203	63032
204	18771
205	45571
206	35355
207	35006
208	9664
209	55522
210	47720
211	48106
212	47767
213	34
214	54516
215	65403
216	5075
217	4787
218	64570
219	58397
220	41874
221	36971
222	42025
223	51278
224	31271
225	38952
226	8494
227	65117
228	46792
229	45815
230	21827
231	15454
232	11005
233	64002
234	12951
235	29776
236	44037
237	48306
238	64783
239	53701
240	38292
241	46967
242	36271
243	20523
244	47001
245	25251
246	20391
247	52077
248	30039
249	19425
250	44938
251	6377
252	56396
253	21427
254	57655
255	22132
256	60380
257	613
258	21713
259	41636
260	46429
261	43540
262	57090
263	57434
264	42006
265	4505
266	21675
267	20508
268	52811
269	20922
270	8673
271	25567
272	2353
273	44945
274	46091
275	49355
276	4660
277	946
278	35896
279	34699
280	20371
281	15298
282	41077
283	11231
284	36726
285	33196
286	33363
287	31570
288	33810
289	55076
290	7670
291	14703
292	33081
293	64760
294	6601
295	9551
296	3730
297	28276
298	30059
299	56541
300	49198
301	38733
302	16573
303	51552
304	18142
305	62664
306	35371
307	22802
308	63610
309	5731
310	57502
311	18445
312	21029
313	33043
314	29676
315	57755
316	703
317	63040
318	23789
319	34513
320	52580
321	31459
322	49216
323	20125
324	30684
325	55818
326	29677
327	34414
328	18558
329	59736
330	25419
331	2221
332	32933
333	41992
334	53773
335	51075
336	39120
337	23608
338	8342
339	37194
340	29339
341	308
342	55639
343	50368
344	33351
345	19780
346	42588
347	34054
348	17284
349	841
350	3032
351	4328
352	32301
353	52248
354	24454
355	62985
356	42530
357	54131
358	31863
359	61089
360	48331
361	57282
362	63310
363	15729
364	33739
365	51547
366	1268
367	7323
368	9619
369	9610
370	44518
371	38958
372	9918
373	34621
374	23790
375	43269
376	54401
377	842
378	11788
379	6149
380	1684
381	14820
382	10478
383	33985
384	1532
385	34932
386	31434
387	44063
388	23527
389	63297
390	39616
391	6322
392	55043
393	37390
394	22051
395	23246
396	23401
397	23320
398	30570
399	33020
400	32930
401	9552
402	6442
403	42849
404	44173
405	30232
406	20582
407	33039
408	31075
409	32370
410	39188
411	32759
412	47190
413	49666
414	1208
415	48723
416	19062
417	32642
418	27250
419	42589
420	30403
421	1330
422	48912
423	19910
424	38720
425	5427
426	43157
427	62121
428	28747
429	8191
430	29605
431	61678
432	17743
433	36047
434	38991
435	61916
436	743
437	59573
438	29419
439	31818
440	26408
441	3072
442	64577
443	8062
444	52738
445	249
446	56785
447	6265
448	32891
449	18499
450	48854
451	63294
452	19829
453	32230
454	17669
455	58549
456	37658
457	60826
458	55134
459	869
460	3481
461	19203
462	62547
463	21224
464	55250
465	36002
466	17604
467	55994
468	30040
469	47024
470	22276
471	56448
472	50096
473	21318
474	64510
475	37298
476	21567
477	55760
478	43563
479	54459
480	8723
481	26882
482	52217
483	28553
484	59112
485	4350
486	21566
487	31234
488	65176
489	11165
490	32104
491	3121
492	30368
493	29115
494	24345
495	20083
496	65118
497	41950
498	10541
499	29622
500	23438
501	32817
502	20534
503	7998
504	54135
505	19508
506	45296
507	10167
508	9732
509	23324
510	64626
511	18456
512	50206
513	51307
514	47009
515	43782
516	55658
517	3039
518	9481
519	55298
520	14204
521	41585
522	58420
523	44573
524	5164
525	17229
526	64656
527	4746
528	59179
529	9661
530	34368
531	17081
532	42478
533	54902
534	25079
535	31078
536	8875
537	4840
538	41245
539	18607
540	28164
541	40335
542	37063
543	12834
544	26106
545	18536
546	56616
547	16228
548	21576
549	561
550	5991
551	35780
552	42146
553	64411
554	14817
555	47311
556	16104
557	13937
558	52057
559	9748
560	23598
561	20890
562	26829
563	541
564	10256
565	51909
566	31619
567	19131
568	56749
569	7328
570	37739
571	19377
572	47663
573	9266
574	32211
575	8233
576	27803
577	23291
578	24462
579	49379
580	23853
581	30453
582	19623
583	463
584	29328
585	34441
586	47774
587	45432
588	48378
589	34296
590	55180
591	6441
592	55186
593	16474
594	6982
595	65442
596	2847
597	38601
598	19038
599	59596
600	45929
601	56777
602	13437
603	28056
604	507
605	45648
606	36289
607	28310
608	3403
609	60751
610	12153
611	27256
612	25668
613	31777
614	27720
615	54996
616	682
617	9958
618	34893
619	49060
620	44254
621	24537
622	55501
623	33904
624	41011
625	62483
626	33811
627	43858
628	35548
629	52849
630	37918
631	15941
632	44090
633	51355
634	43997
635	44597
636	31467
637	14751
638	7372
639	34871
640	9966
641	19525
642	62127
643	35635
644	51302
645	24311
646	25095
647	51984
648	34270
649	59988
650	35509
651	12988
652	18990
653	25474
654	46893
655	60001
656	22422
657	15168
658	38324
659	57970
660	2481
661	10706
662	8376
663	46571
664	62062
665	52373
666	25632
667	27993
668	1588
669	33004
670	62864
671	11555
672	52530
673	59456
674	47190
675	38296
676	18231
677	6749
678	24745
679	52501
680	1202
681	60254
682	65490
683	20192
684	20192
685	46847
686	14657
687	42614
688	62015
689	52981
690	35049
691	64496
692	63688
693	43425
694	45531
695	60214
696	30262
697	5627
698	22671
699	31851
700	38632
701	20000
702	43406
703	25626
704	13920
705	25060
706	63922
707	32151
708	31809
709	23131
710	19117
711	33011
712	17849
713	19071
714	53203
715	38042
716	382
717	2325
718	15120
719	62397
720	55306
721	50169
722	61357
723	53458
724	28058
725	41352
726	48136
727	58321
728	46979
729	5272
730	24636
731	20075
732	25272
733	2506
734	45701
735	39192
736	27566
737	44088
738	5807
739	59375
740	1683
741	24924
742	26851
743	19533
744	43995
745	14518
746	57575
747	44377
748	16843
749	7159
750	41238
751	6614
752	57329
753	37059
754	60072
755	19851
756	12875
757	42673
758	12636
759	59855
760	47945
761	37272
762	14394
763	7681
764	39778
765	60096
766	46873
767	1808
768	38648
769	52680
770	61184
771	40331
772	12069
773	22499
774	59864
775	56064
776	37017
777	51903
778	34906
779	53861
780	59063
781	10608
782	60475
783	50856
784	47668
785	55011
786	5171
787	60543
788	32148
789	17808
790	54862
791	14557
792	55080
793	3721
794	22238
795	29323
796	63817
797	3575
798	31131
799	36929
800	56256
801	26779
802	11724
803	2789
804	49278
805	6053
806	58853
807	20760
808	57956
809	28223
810	9085
811	51483
812	38832
813	4024
814	36803
815	20964
816	59035
817	41975
818	15971
819	25648
820	59783
821	5298
822	40205
823	49327
824	9019
825	62444
826	13114
827	7300
828	483
829	44246
830	44229
831	56739
832	5489
833	55953
834	59528
835	54768
836	62006
837	52846
838	9992
839	54427
840	15533
841	19077
842	40374
843	54365
844	23101
845	11642
846	9793
847	16600
848	53617
849	25765
850	42248
851	47864
852	31063
853	16918
854	31655
855	40082
856	13826
857	44770
858	47382
859	14309
860	23480
861	26075
862	5513
863	28969
864	16492
865	65041
866	18201
867	12963
868	52351
869	28193
870	1854
871	2349
872	47270
873	42228
874	56714
875	4835
876	53870
877	972
878	21436
879	41951
880	26737
881	63684
882	24279
883	57800
884	15066
885	55935
886	32346
887	28892
888	35169
889	14192
890	43202
891	58649
892	40267
893	48715
894	22082
895	56759
896	48220
897	40284
898	4186
899	35036
900	2941
901	6040
902	37385
903	50212
904	48269
905	28563
906	55047
907	36603
908	29535
909	10947
910	13019
911	56272
912	9096
913	37298
914	48536
915	24162
916	27697
917	15346
918	53055
919	62866
920	29538
921	30721
922	55979
923	4269
924	13900
925	12526
926	61029
927	62120
928	52810
929	65215
930	31620
931	55751
932	5720
933	3469
934	40427
935	53989
936	32033
937	29939
938	25056
939	61568
940	40886
941	38075
942	52305
943	49982
944	9838
945	35305
946	8609
947	37535
948	50652
949	61664
950	34866
951	14654
952	26849
953	25309
954	18924
955	40749
956	37835
957	14417
958	37333
959	25109
960	14096
961	3418
962	15325
963	19816
964	6887
965	55752
966	8269
967	38920
968	20155
969	33326
970	34953
971	61042
972	5865
973	21722
974	45488
975	15703
976	57027
977	54097
978	53239
979	42143
980	50225
981	22569
982	56798
983	11538
984	47878
985	10186
986	52287
987	20178
988	24603
989	24085
990	45287
991	38699
992	27503
993	60612
994	58516
995	34390
996	50829
997	1249
998	7775
999	5448
1000	34575
1001	42728
1002	954
1003	40441
1004	64450
1005	46443
1006	56144
1007	55941
1008	35004
1009	43847
1010	32549
1011	19694
1012	880
1013	23811
1014	31232
1015	48759
1016	33997
1017	17984
1018	3401
1019	58600
1020	42069
1021	48688
1022	31763
1023	4036
1024	43765
1025	24743
1026	38426
1027	29058
1028	25993
1029	46201
1030	34506
1031	60568
1032	23393
1033	35461
1034	35473
1035	22307
1036	16368
1037	26082
1038	12713
1039	51372
1040	4393
1041	45262
1042	5530
1043	5274
1044	3537
1045	36763
1046	54033
1047	37534
1048	54747
1049	57434
1050	30598
1051	31280
1052	40586
1053	62361
1054	35316
1055	18815
1056	21569
1057	8206
1058	47873
1059	47562
1060	54408
1061	16844
1062	42594
1063	12265
1064	52305
1065	12532
1066	34573
1067	3137
1068	38614
1069	47286
1070	54509
1071	43007
1072	27012
1073	60040
1074	48281
1075	30549
1076	31267
1077	36778
1078	2547
1079	20478
1080	28676
1081	33145
1082	51758
1083	3727
1084	29970
1085	21538
1086	22542
1087	51539
1088	29744
1089	4880
1090	33565
1091	18616
1092	21724
1093	10624
1094	30882
1095	8493
1096	23156
1097	65455
1098	11630
1099	61770
1100	47205
1101	603
1102	39241
1103	8681
1104	60643
1105	21987
1106	39230
1107	26374
1108	58765
1109	41777
1110	46852
1111	21906
1112	9386
1113	33074
1114	25633
1115	39356
1116	54612
1117	48175
1118	25360
1119	18821
1120	53055
1121	58925
1122	37437
1123	9243
1124	4013
1125	2783
1126	17736
1127	27169
1128	2702
1129	29366
1130	23403
1131	49907
1132	29970
1133	62645
1134	58588
1135	25077
1136	19096
1137	32282
1138	51452
1139	12325
1140	8523
1141	32768
1142	34231
1143	17909
1144	307
1145	59864
1146	57266
1147	54919
1148	42504
1149	17090
1150	8204
1151	30023
1152	10479
1153	45642
1154	39267
1155	14493
1156	48425
1157	57003
1158	41662
1159	51128
1160	20834
1161	65066
1162	35499
1163	50804
1164	62175
1165	28552
1166	10345
1167	15735
1168	60834
1169	61797
1170	28060
1171	3822
1172	29030
1173	62292
1174	21731
1175	29337
1176	56620
1177	13461
1178	18720
1179	33588
1180	30551
1181	26925
1182	63612
1183	41031
1184	7031
1185	37343
1186	55524
1187	55456
1188	28810
1189	31650
1190	41048
1191	49644
1192	31180
1193	11012
1194	34912
1195	27819
1196	39564
1197	45258
1198	43554
1199	34862
1200	41519
1201	6079
1202	38684
1203	5013
1204	2835
1205	60416
1206	34350
1207	59455
1208	8341
1209	53071
1210	27508
1211	38893
1212	14460
1213	25584
1214	14388
1215	21491
1216	62927
1217	4376
1218	11411
1219	26201
1220	36026
1221	52460
1222	10310
1223	1671
1224	63472
1225	45222
1226	29490
1227	37500
1228	24944
1229	7509
1230	6826
1231	928
1232	13588
1233	45511
1234	5941
1235	16423
1236	40391
1237	40292
1238	10342
1239	48732
1240	27827
1241	37850
1242	22089
1243	42287
1244	63434
1245	36477
1246	63778
1247	60825
1248	40853
1249	9653
1250	21491
1251	11344
1252	62113
1253	31801
1254	13015
1255	60049
1256	11487
1257	42505
1258	32013
1259	36432
1260	50014
1261	38840
1262	37360
1263	63602
1264	18815
1265	43301
1266	14489
1267	59206
1268	18057
1269	24832
1270	42402
1271	45884
1272	62682
1273	64492
1274	22635
1275	60581
1276	35433
1277	20877
1278	55870
1279	10751
1280	30531
1281	11825
1282	22095
1283	27108
1284	43626
1285	35110
1286	21622
1287	55114
1288	12079
1289	53635
1290	26010
1291	62094
1292	26939
1293	63370
1294	60160
1295	45754
1296	41135
1297	9114
1298	39424
1299	59193
1300	33946
1301	16291
1302	39541
1303	31092
1304	15247
1305	62177
1306	26137
1307	50680
1308	17518
1309	16472
1310	61431
1311	48049
1312	28297
1313	17990
1314	9622
1315	6388
1316	53100
1317	31244
1318	61502
1319	65180
1320	19343
1321	21976
1322	61738
1323	46283
1324	19810
1325	56362
1326	26501
1327	60945
1328	65476
1329	390
1330	54602
1331	33886
1332	16681
1333	28608
1334	64979
1335	31928
1336	25249
1337	25580
1338	17072
1339	42767
1340	42052
1341	12968
1342	25281
1343	4814
1344	30958
1345	34903
1346	11202
1347	18523
1348	611
1349	7168
1350	18167
1351	19954
1352	29144
1353	14369
1354	701
1355	48954
1356	5195
1357	27203
1358	44363
1359	5136
1360	27593
1361	33430
1362	39022
1363	44274
1364	62038
1365	38465
1366	10666
1367	21751
1368	64046
1369	27738
1370	64518
1371	40562
1372	40706
1373	24263
1374	45376
1375	6129
1376	59166
1377	56578
1378	24652
1379	59777
1380	63746
1381	42819
1382	14196
1383	27354
1384	57188
1385	14897
1386	10772
1387	62383
1388	42100
1389	55136
1390	1983
1391	4157
1392	23030
1393	41006
1394	48431
1395	19532
1396	13935
1397	59097
1398	41283
1399	12445
1400	21300
1401	40265
1402	53008
1403	62006
1404	64529
1405	32848
1406	2599
1407	58159
1408	23891
1409	27251
1410	52401
1411	22101
1412	4534
1413	1061
1414	49456
1415	61722
1416	15958
1417	60228
1418	58570
1419	58059
1420	49828
1421	60553
1422	62216
1423	7322
1424	36023
1425	45112
1426	26854
1427	49959
1428	38673
1429	2601
1430	62404
1431	59973
1432	42867
1433	49876
1434	56444
1435	41860
1436	17189
1437	59043
1438	34483
1439	41080
1440	20759
1441	21348
1442	63181
1443	25293
1444	22409
1445	47101
1446	21480
1447	38368
1448	41794
1449	14514
1450	30891
1451	26086
1452	9531
1453	27571
1454	33409
1455	45555
1456	7147
1457	60263
1458	29978
1459	45821
1460	62865
1461	26846
1462	40258
1463	40196
1464	11187
1465	31166
1466	16520
1467	28376
1468	24674
1469	51003
1470	3920
1471	45433
1472	6816
1473	1565
1474	5190
1475	29225
1476	48667
1477	26670
1478	2057
1479	24925
1480	41184
1481	32948
1482	51011
1483	50716
1484	60520
1485	18884
1486	30735
1487	2131
1488	13612
1489	60713
1490	47952
1491	10941
1492	22023
1493	22675
1494	51137
1495	33210
1496	53841
1497	2121
1498	61586
1499	12979
1500	53124
1501	65506
1502	58412
1503	59940
1504	1536
1505	63603
1506	23630
1507	50203
1508	24737
1509	25687
1510	9592
1511	386
1512	58636
1513	60603
1514	51102
1515	53620
1516	13952
1517	16301
1518	55751
1519	27564
1520	11478
1521	38168
1522	38505
1523	33501
1524	60843
1525	24106
1526	1176
1527	49148
1528	26227
1529	62762
1530	62128
1531	13815
1532	62733
1533	55004
1534	8220
1535	64269
1536	53071
1537	31850
1538	48936
1539	12273
1540	57537
1541	58528
1542	12659
1543	50637
1544	53595
1545	63761
1546	38721
1547	2011
1548	14526
1549	28937
1550	29575
1551	26004
1552	1569
1553	2544
1554	59505
1555	62412
1556	26650
1557	60681
1558	46024
1559	52877
1560	57908
1561	42616
1562	1157
1563	55105
1564	32085
1565	9377
1566	53838
1567	19620
1568	41227
1569	37238
1570	31893
1571	33228
1572	30230
1573	44552
1574	18330
1575	18289
1576	42777
1577	57051
1578	20301
1579	57303
1580	20452
1581	49876
1582	17771
1583	22021
1584	52421
1585	11741
1586	18897
1587	13535
1588	6886
1589	64922
1590	877
1591	64794
1592	42002
1593	2034
1594	54363
1595	8551
1596	11411
1597	42665
1598	28172
1599	52638
1600	14367
1601	60065
1602	20330
1603	44597
1604	39082
1605	38660
1606	62887
1607	16323
1608	30176
1609	17652
1610	8091
1611	50628
1612	1992
1613	25862
1614	7114
1615	54413
1616	37603
1617	26011
1618	2413
1619	44490
1620	25397
1621	3290
1622	43748
1623	1864
1624	5324
1625	32576
1626	10415
1627	16735
1628	9705
1629	38587
1630	3837
1631	24073
1632	33117
1633	24167
1634	3134
1635	6663
1636	62828
1637	485
1638	22986
1639	27468
1640	18137
1641	31077
1642	12560
1643	20130
1644	56940
1645	19674
1646	9007
1647	29007
1648	45686
1649	11420
1650	7961
1651	5547
1652	14710
1653	51710
1654	7411
1655	20034
1656	18750
1657	17827
1658	36769
1659	28455
1660	56414
1661	40606
1662	52528
1663	23995
1664	64774
1665	55663
1666	30658
1667	62066
1668	56148
1669	53645
1670	23998
1671	8750
1672	19186
1673	36558
1674	28880
1675	10590
1676	56233
1677	37887
1678	39598
1679	36383
1680	49308
1681	47559
1682	41930
1683	64018
1684	33733
1685	49342
1686	18517
1687	52483
1688	1633
1689	55286
1690	15403
1691	58047
1692	30357
1693	2395
1694	16507
1695	29595
1696	58058
1697	47165
1698	26125
1699	48671
1700	35274
1701	50123
1702	57421
1703	54461
1704	21145
1705	20765
1706	65051
1707	11842
1708	58652
1709	39113
1710	48225
1711	42424
1712	21137
1713	24620
1714	40907
1715	54870
1716	8426
1717	59424
1718	41818
1719	10059
1720	49174
1721	57221
1722	2570
1723	13995
1724	59616
1725	19077
1726	43590
1727	52139
1728	707
1729	4179
1730	35274
1731	35981
1732	54302
1733	27159
1734	24906
1735	9912
1736	47924
1737	24422
1738	21754
1739	41040
1740	63535
1741	4444
1742	17929
1743	19136
1744	29064
1745	58836
1746	8471
1747	37490
1748	52724
1749	50289
1750	47549
1751	36362
1752	41974
1753	50119
1754	50358
1755	36054
1756	3661
1757	28412
1758	22657
1759	4368
1760	32592
1761	57931
1762	40349
1763	21358
1764	19554
1765	65256
1766	31270
1767	1942
1768	24142
1769	53025
1770	42983
1771	22141
1772	57469
1773	60912
1774	41278
1775	20997
1776	54212
1777	49749
1778	58487
1779	41400
1780	34502
1781	40500
1782	12226
1783	10940
1784	25083
1785	62584
1786	46994
1787	28744
1788	25461
1789	4116
1790	33112
1791	58053
1792	62047
1793	7926
1794	13875
1795	16066
1796	7646
1797	45146
1798	18008
1799	31788
1800	32635
1801	60991
1802	53929
1803	24568
1804	56367
1805	29671
1806	45565
1807	45043
1808	13884
1809	38516
1810	20907
1811	48386
1812	13480
1813	33134
1814	59326
1815	38563
1816	30182
1817	40785
1818	1772
1819	55643
1820	44901
1821	34884
1822	48160
1823	41412
1824	42810
1825	62036
1826	57478
1827	50456
1828	41646
1829	9951
1830	16708
1831	8745
1832	5406
1833	5102
1834	33313
1835	61774
1836	34773
1837	13342
1838	41281
1839	48658
1840	51858
1841	62189
1842	31508
1843	65338
1844	29787
1845	25299
1846	38365
1847	59969
1848	548
1849	40137
1850	50077
1851	45449
1852	9486
1853	32701
1854	21325
1855	52296
1856	29201
1857	13268
1858	37217
1859	5311
1860	23219
1861	53925
1862	14056
1863	28625
1864	59027
1865	47369
1866	24863
1867	28265
1868	60711
1869	609
1870	11387
1871	47033
1872	62798
1873	42895
1874	46835
1875	27049
1876	2658
1877	19665
1878	21482
1879	3206
1880	59802
1881	6023
1882	48655
1883	3752
1884	38725
1885	4445
1886	56049
1887	2390
1888	17713
1889	27730
1890	7702
1891	40932
1892	16119
1893	21758
1894	4021
1895	9611
1896	3592
1897	28885
1898	37876
1899	64303
1900	29494
1901	49263
1902	45801
1903	26756
1904	26622
1905	27100
1906	53805
1907	29281
1908	46765
1909	9751
1910	32487
1911	41032
1912	15775
1913	15607
1914	44784
1915	54500
1916	20052
1917	35297
1918	56890
1919	37765
1920	63027
1921	64592
1922	13161
1923	13611
1924	20815
1925	17182
1926	23222
1927	24407
1928	46067
1929	61098
1930	23174
1931	10025
1932	44825
1933	3439
1934	36781
1935	5911
1936	30540
1937	25050
1938	35192
1939	11769
1940	34802
1941	2144
1942	52801
1943	50577
1944	17751
1945	32050
1946	39541
1947	37803
1948	1811
1949	30895
1950	10032
1951	64839
1952	29952
1953	23193
1954	12914
1955	50767
1956	40375
1957	36136
1958	9638
1959	20907
1960	31698
1961	32812
1962	30932
1963	10987
1964	36252
1965	2178
1966	16898
1967	1256
1968	27228
1969	52091
1970	13025
1971	62030
1972	54235
1973	291
1974	47071
1975	6450
1976	32341
1977	21076
1978	44253
1979	34152
1980	51972
1981	54285
1982	33455
1983	16388
1984	11942
1985	46369
1986	1619
1987	52317
1988	16969
1989	11257
1990	7688
1991	48667
1992	44069
1993	38621
1994	59654
1995	14785
1996	40799
1997	11017
1998	16041
1999	2491
2000	63108
2001	29067
2002	64522
2003	51807
2004	29358
2005	46057
2006	58257
2007	61699
2008	1598
2009	36974
2010	30315
2011	53570
2012	25723
2013	63771
2014	4422
2015	37665
2016	44604
2017	6041
2018	24446
2019	61574
2020	17298
2021	32135
2022	44705
2023	61367
2024	5220
2025	38824
2026	10617
2027	46019
2028	49841
2029	26658
2030	48510
2031	47413
2032	55725
2033	47496
2034	33684
2035	19547
2036	28018
2037	26405
2038	15710
2039	29616
2040	63379
2041	46026
2042	17650
2043	23566
2044	44261
2045	22072
2046	61231
2047	23329
2048	28113
2049	20141
2050	19367
2051	45411
2052	52276
2053	64073
2054	41242
2055	57496
2056	37361
2057	51859
2058	37979
2059	21666
2060	12982
2061	20954
2062	3543
2063	3171
2064	2914
2065	37227
2066	22719
2067	30932
2068	63632
2069	38429
2070	60548
2071	61475
2072	18919
2073	12662
2074	19505
2075	63180
2076	34734
2077	15200
2078	20974
2079	62847
2080	35341
2081	40341
2082	42722
2083	22082
2084	38878
2085	18429
2086	14042
2087	10703
2088	4752
2089	52022
2090	32369
2091	17734
2092	7440
2093	35912
2094	20906
2095	10354
2096	7603
2097	43625
2098	41287
2099	5699
2100	16518
2101	36299
2102	1638
2103	35438
2104	48962
2105	21143
2106	33082
2107	18160
2108	36343
2109	54056
2110	15472
2111	6149
2112	28862
2113	58194
2114	28231
2115	2204
2116	11087
2117	42273
2118	12908
2119	15840
2120	28759
2121	45277
2122	33574
2123	36199
2124	15654
2125	54480
2126	46554
2127	23257
2128	32569
2129	22305
2130	28957
2131	49088
2132	58604
2133	30595
2134	18990
2135	42030
2136	51739
2137	52072
2138	60191
2139	22546
2140	40593
2141	10127
2142	28695
2143	3919
2144	2785
2145	56926
2146	6123
2147	13873
2148	33664
2149	19031
2150	29713
2151	62423
2152	64309
2153	63287
2154	33087
2155	14427
2156	52232
2157	14105
2158	37684
2159	19265
2160	36410
2161	1105
2162	2817
2163	29478
2164	31701
2165	21807
2166	5973
2167	17904
2168	8344
2169	628
2170	40450
2171	48937
2172	10755
2173	3610
2174	52856
2175	13540
2176	60536
2177	58979
2178	27413
2179	28664
2180	12475
2181	57126
2182	25552
2183	11248
2184	54878
2185	58639
2186	25675
2187	41574
2188	7208
2189	63359
2190	60839
2191	43618
2192	64465
2193	63657
2194	7560
2195	30630
2196	19928
2197	13533
2198	48534
2199	28272
2200	14161
2201	23448
2202	11673
2203	24916
2204	27058
2205	64529
2206	38457
2207	22059
2208	57973
2209	334
2210	50723
2211	4912
2212	57461
2213	10739
2214	16160
2215	46803
2216	3842
2217	41835
2218	22841
2219	11050
2220	39658
2221	18144
2222	54668
2223	38587
2224	16265
2225	62229
2226	3681
2227	36194
2228	10226
2229	52215
2230	64466
2231	24388
2232	10128
2233	10604
2234	49304
2235	37186
2236	9597
2237	22225
2238	59245
2239	2034
2240	22560
2241	44433
2242	6946
2243	14485
2244	55172
2245	23106
2246	61288
2247	59015
2248	64941
2249	18593
2250	4529
2251	39064
2252	36737
2253	59198
2254	12115
2255	53003
2256	55891
2257	15797
2258	23661
2259	581
2260	2476
2261	22591
2262	24969
2263	12604
2264	33195
2265	8738
2266	49791
2267	42793
2268	30963
2269	43500
2270	44827
2271	53523
2272	22397
2273	51774
2274	2472
2275	12034
2276	9344
2277	63760
2278	5513
2279	8750
2280	16817
2281	10042
2282	47814
2283	53555
2284	3704
2285	59929
2286	41022
2287	59595
2288	10190
2289	64683
2290	60177
2291	12667
2292	21738
2293	19610
2294	25271
2295	54934
2296	28348
2297	9526
2298	32191
2299	59312
2300	53027
2301	11482
2302	47299
2303	9888
2304	63256
2305	49772
2306	21922
2307	7065
2308	47996
2309	27435
2310	15815
2311	64814
2312	37478
2313	63629
2314	52833
2315	41182
2316	58022
2317	28319
2318	35242
2319	2677
2320	27466
2321	29883
2322	15344
2323	49204
2324	49493
2325	40615
2326	38602
2327	12306
2328	50142
2329	5257
2330	6082
2331	37633
2332	16740
2333	53381
2334	47521
2335	14460
2336	37617
2337	3908
2338	21525
2339	20078
2340	31343
2341	37340
2342	19356
2343	3285
2344	35433
2345	6653
2346	44468
2347	27920
2348	34972
2349	14174
2350	30597
2351	62438
2352	44057
2353	45941
2354	46106
2355	28014
2356	21020
2357	19173
2358	40320
2359	5626
2360	24430
2361	46402
2362	43259
2363	41170
2364	34248
2365	25245
2366	55631
2367	6329
2368	29153
2369	11620
2370	26407
2371	60496
2372	48961
2373	45763
2374	63782
2375	18858
2376	52416
2377	42714
2378	46778
2379	21852
2380	56888
2381	11839
2382	18754
2383	35409
2384	57780
2385	64861
2386	63423
2387	13265
2388	18498
2389	38208
2390	18891
2391	42928
2392	19074
2393	62151
2394	18563
2395	53322
2396	21860
2397	8658
2398	59652
2399	51013
2400	20278
2401	20523
2402	45973
2403	3703
2404	751
2405	44219
2406	22562
2407	53167
2408	21397
2409	3804
2410	9484
2411	12749
2412	15644
2413	28238
2414	48158
2415	7888
2416	27563
2417	46046
2418	21153
2419	46061
2420	18718
2421	40045
2422	23454
2423	37792
2424	36660
2425	42017
2426	25579
2427	58520
2428	50675
2429	19695
2430	43997
2431	5417
2432	40218
2433	24434
2434	9121
2435	40969
2436	3118
2437	31683
2438	28601
2439	24515
2440	35487
2441	38085
2442	37265
2443	51131
2444	787
2445	19887
2446	59020
2447	28351
2448	397
2449	14637
2450	8876
2451	19115
2452	54682
2453	32330
2454	56908
2455	25806
2456	8811
2457	16951
2458	18790
2459	59486
2460	36646
2461	62787
2462	64904
2463	11328
2464	21686
2465	8489
2466	52298
2467	24804
2468	40172
2469	15363
2470	49319
2471	10123
2472	53448
2473	21048
2474	61255
2475	54235
2476	40936
2477	54739
2478	17050
2479	41333
2480	3840
2481	25927
2482	60449
2483	58523
2484	58257
2485	51821
2486	18793
2487	1533
2488	3236
2489	37584
2490	61019
2491	39882
2492	34835
2493	60387
2494	51210
2495	56521
2496	3340
2497	37972
2498	15789
2499	43512
2500	53335
2501	65109
2502	53636
2503	41247
2504	20621
2505	49355
2506	29947
2507	61557
2508	38558
2509	46997
2510	37355
2511	42398
2512	7388
2513	32268
2514	35385
2515	110
2516	18553
2517	54179
2518	1643
2519	21789
2520	26227
2521	62662
2522	61671
2523	61062
2524	57514
2525	47345
2526	52048
2527	60854
2528	19782
2529	2301
2530	38831
2531	7581
2532	1874
2533	26931
2534	48829
2535	22496
2536	10750
2537	13240
2538	18517
2539	49308
2540	60237
2541	55872
2542	26170
2543	2090
2544	22604
2545	61556
2546	2200
2547	41157
2548	50199
2549	3843
2550	62946
2551	10890
2552	969
2553	59081
2554	6416
2555	58483
2556	40891
2557	58464
2558	53802
2559	60673
2560	60766
2561	27097
2562	2718
2563	62640
2564	54028
2565	51547
2566	19600
2567	64778
2568	64787
2569	38118
2570	48550
2571	59489
2572	28454
2573	9184
2574	61579
2575	51059
2576	5204
2577	63779
2578	26680
2579	55403
2580	2086
2581	24091
2582	757
2583	3055
2584	17636
2585	7174
2586	61539
2587	58527
2588	102
2589	49805
2590	53664
2591	60868
2592	11366
2593	56383
2594	57973
2595	65394
2596	42394
2597	12037
2598	64636
2599	41646
2600	50155
2601	47650
2602	35599
2603	13074
2604	56834
2605	31642
2606	64133
2607	62039
2608	29885
2609	25277
2610	51906
2611	31971
2612	49368
2613	52664
2614	35026
2615	1469
2616	59838
2617	31029
2618	59996
2619	59940
2620	15298
2621	48125
2622	55273
2623	26664
2624	38972
2625	47710
2626	26522
2627	15830
2628	59747
2629	25622
2630	57476
2631	44367
2632	7736
2633	27539
2634	57441
2635	64571
2636	59181
2637	56038
2638	61074
2639	23530
2640	15779
2641	47444
2642	55501
2643	65148
2644	34572
2645	24992
2646	1081
2647	28874
2648	56021
2649	61077
2650	23279
2651	5784
2652	43666
2653	13016
2654	32448
2655	17102
2656	60726
2657	58971
2658	32933
2659	54937
2660	19057
2661	24873
2662	33768
2663	26794
2664	52413
2665	25673
2666	25829
2667	46058
2668	16175
2669	21367
2670	4053
2671	31955
2672	3275
2673	59554
2674	31567
2675	37848
2676	19010
2677	32648
2678	1186
2679	9496
2680	28189
2681	24465
2682	15280
2683	6320
2684	37481
2685	47728
2686	23422
2687	32671
2688	41163
2689	56355
2690	22073
2691	60221
2692	15693
2693	55841
2694	21479
2695	2570
2696	15979
2697	47308
2698	48628
2699	32154
2700	3139
2701	52681
2702	64109
2703	6414
2704	46700
2705	30140
2706	44262
2707	174
2708	62788
2709	45449
2710	9670
2711	25442
2712	4378
2713	24950
2714	31762
2715	41860
2716	7143
2717	55184
2718	8995
2719	48306
2720	46004
2721	31068
2722	42991
2723	61697
2724	21374
2725	64470
2726	64267
2727	37353
2728	46242
2729	47359
2730	3971
2731	49381
2732	34505
2733	2545
2734	55796
2735	15669
2736	32685
2737	34522
2738	15843
2739	29938
2740	14435
2741	25514
2742	55380
2743	18814
2744	50464
2745	21606
2746	60674
2747	57607
2748	11254
2749	4133
2750	40378
2751	57258
2752	35202
2753	17833
2754	53419
2755	56576
2756	16768
2757	52150
2758	28393
2759	63010
2760	33974
2761	32364
2762	46856
2763	2943
2764	34909
2765	37116
2766	18612
2767	2059
2768	6102
2769	34455
2770	31997
2771	20538
2772	59969
2773	21841
2774	39352
2775	44898
2776	43447
2777	34490
2778	36969
2779	54701
2780	38623
2781	11811
2782	46424
2783	8289
2784	29645
2785	34307
2786	64865
2787	46413
2788	20922
2789	27722
2790	43887
2791	54896
2792	60087
2793	25207
2794	57839
2795	29460
2796	62323
2797	10915
2798	31519
2799	2890
2800	45370
2801	63516
2802	23428
2803	39804
2804	19821
2805	62780
2806	19166
2807	63268
2808	31734
2809	56135
2810	52434
2811	4821
2812	2411
2813	33322
2814	13111
2815	32056
2816	2093
2817	12440
2818	12933
2819	23015
2820	40163
2821	56820
2822	12375
2823	34714
2824	16492
2825	4678
2826	64174
2827	13279
2828	15593
2829	30158
2830	16169
2831	60964
2832	28138
2833	39597
2834	35232
2835	47960
2836	36841
2837	54398
2838	45692
2839	3039
2840	44997
2841	32590
2842	7861
2843	47408
2844	376
2845	20972
2846	13928
2847	2470
2848	33412
2849	26861
2850	25485
2851	8039
2852	18146
2853	37861
2854	42753
2855	34638
2856	42539
2857	41392
2858	47917
2859	58133
2860	6014
2861	64087
2862	53561
2863	34152
2864	38148
2865	23257
2866	16576
2867	9454
2868	12119
2869	62269
2870	12493
2871	57116
2872	29323
2873	20354
2874	38989
2875	29700
2876	41326
2877	52917
2878	32170
2879	9203
2880	14243
2881	57655
2882	17242
2883	32389
2884	29980
2885	59996
2886	1491
2887	6984
2888	35852
2889	49408
2890	65117
2891	41866
2892	47959
2893	53142
2894	10482
2895	20572
2896	10863
2897	27059
2898	30026
2899	22982
2900	23792
2901	42519
2902	14562
2903	53115
2904	62874
2905	53551
2906	17279
2907	38664
2908	40933
2909	49449
2910	47867
2911	55176
2912	41569
2913	65110
2914	22029
2915	6013
2916	59570
2917	23520
2918	12997
2919	29886
2920	7392
2921	12578
2922	6216
2923	55352
2924	184
2925	16698
2926	10388
2927	11047
2928	43757
2929	40414
2930	34029
2931	2013
2932	17397
2933	48592
2934	55129
2935	14735
2936	36607
2937	6872
2938	53400
2939	12004
2940	56322
2941	35731
2942	1644
2943	32355
2944	35305
2945	23673
2946	38368
2947	29339
2948	47193
2949	51366
2950	59225
2951	54586
2952	63944
2953	65441
2954	44402
2955	64129
2956	16604
2957	54790
2958	9640
2959	60361
2960	29668
2961	43670
2962	62375
2963	47065
2964	26726
2965	51968
2966	61801
2967	63333
2968	58840
2969	49665
2970	9802
2971	49626
2972	19860
2973	11446
2974	16445
2975	55166
2976	35120
2977	54814
2978	18969
2979	16777
2980	40644
2981	12659
2982	5827
2983	39052
2984	12564
2985	50229
2986	37645
2987	29168
2988	39483
2989	47286
2990	23994
2991	3615
2992	25420
2993	20833
2994	50681
2995	52146
2996	7265
2997	46946
2998	49943
2999	569
3000	31075
3001	59745
3002	50196
3003	50935
3004	5656
3005	1105
3006	40565
3007	40776
3008	55919
3009	59535
3010	57553
3011	31027
3012	6658
3013	63381
3014	4544
3015	19222
3016	48074
3017	42189
3018	48391
3019	22022
3020	23939
3021	6849
3022	25637
3023	49359
3024	27682
3025	10782
3026	35969
3027	34947
3028	57728
3029	20377
3030	35516
3031	23267
3032	14586
3033	20176
3034	8667
3035	20242
3036	21282
3037	49232
3038	61018
3039	11665
3040	43231
3041	53036
3042	42693
3043	49889
3044	50881
3045	47237
3046	3576
3047	33419
3048	23890
3049	51967
3050	55441
3051	47830
3052	58816
3053	15543
3054	31653
3055	20962
3056	26325
3057	2087
3058	55909
3059	18518
3060	22464
3061	25889
3062	41785
3063	37050
3064	46066
3065	50452
3066	57293
3067	1812
3068	34149
3069	52775
3070	13477
3071	11844
3072	40275
3073	56170
3074	61734
3075	25620
3076	37871
3077	65310
3078	59040
3079	61762
3080	51741
3081	48945
3082	44056
3083	45021
3084	64488
3085	10173
3086	447
3087	25278
3088	12260
3089	56356
3090	43796
3091	34724
3092	16709
3093	20045
3094	6239
3095	62775
3096	4962
3097	63532
3098	64587
3099	39111
3100	50771
3101	12529
3102	50955
3103	25511
3104	3163
3105	47153
3106	51131
3107	41035
3108	46927
3109	44635
3110	37261
3111	33132
3112	28045
3113	15781
3114	12617
3115	26997
3116	25954
3117	13064
3118	52275
3119	38215
3120	3884
3121	30535
3122	7403
3123	20594
3124	50581
3125	13642
3126	17833
3127	55543
3128	11638
3129	16885
3130	29118
3131	62410
3132	29414
3133	14537
3134	22385
3135	32577
3136	61691
3137	7980
3138	8076
3139	43082
3140	52616
3141	45337
3142	10679
3143	15125
3144	61118
3145	23296
3146	42122
3147	21537
3148	36361
3149	28862
3150	59752
3151	40245
3152	59397
3153	1619
3154	60839
3155	44442
3156	15262
3157	13137
3158	34449
3159	26900
3160	30022
3161	63567
3162	23774
3163	59436
3164	12569
3165	46159
3166	26477
3167	8724
3168	54140
3169	34554
3170	51806
3171	41220
3172	14355
3173	62485
3174	56345
3175	9938
3176	20246
3177	32931
3178	31475
3179	56607
3180	61793
3181	25691
3182	31316
3183	55655
3184	27310
3185	26620
3186	34561
3187	42572
3188	39757
3189	3475
3190	3937
3191	4243
3192	1506
3193	27711
3194	63679
3195	14075
3196	8335
3197	24620
3198	22799
3199	62475
3200	59174
3201	9070
3202	38159
3203	7994
3204	6019
3205	28968
3206	17932
3207	26265
3208	61899
3209	49407
3210	17336
3211	58157
3212	9562
3213	48653
3214	48276
3215	36872
3216	9737
3217	17301
3218	13909
3219	49494
3220	20776
3221	17846
3222	53737
3223	22283
3224	45557
3225	51880
3226	36358
3227	53892
3228	10964
3229	59158
3230	50831
3231	4603
3232	2692
3233	23454
3234	12597
3235	8711
3236	52422
3237	30529
3238	34977
3239	48786
3240	14400
3241	52313
3242	41407
3243	23962
3244	35430
3245	24147
3246	60834
3247	45167
3248	41448
3249	9207
3250	29125
3251	62225
3252	27053
3253	17326
3254	18972
3255	7075
3256	3670
3257	55330
3258	60967
3259	14635
3260	48952
3261	46263
3262	19238
3263	51644
3264	4181
3265	31835
3266	60356
3267	56604
3268	62364
3269	29797
3270	39854
3271	11228
3272	16574
3273	15725
3274	35190
3275	52005
3276	39872
3277	30488
3278	31636
3279	15784
3280	39696
3281	60762
3282	12473
3283	1213
3284	12552
3285	31445
3286	8288
3287	16223
3288	21240
3289	3720
3290	30858
3291	4656
3292	49983
3293	50096
3294	56301
3295	54164
3296	16395
3297	51121
3298	45232
3299	13223
3300	15382
3301	19550
3302	24451
3303	31956
3304	35275
3305	59641
3306	18425
3307	9611
3308	24593
3309	50062
3310	25396
3311	64289
3312	45288
3313	37869
3314	65503
3315	57840
3316	3779
3317	8255
3318	8527
3319	25019
3320	11975
3321	39385
3322	29675
3323	61958
3324	23945
3325	20440
3326	50587
3327	40340
3328	6025
3329	30283
3330	53563
3331	21407
3332	49834
3333	12478
3334	53364
3335	19573
3336	6583
3337	6253
3338	29185
3339	31177
3340	56315
3341	54581
3342	29930
3343	36067
3344	26914
3345	29897
3346	28372
3347	30693
3348	38153
3349	36899
3350	55712
3351	50128
3352	10749
3353	19852
3354	46551
3355	34694
3356	40292
3357	31602
3358	9499
3359	46318
3360	61885
3361	63062
3362	2189
3363	46183
3364	10005
3365	55553
3366	221
3367	16588
3368	61807
3369	29406
3370	47765
3371	52586
3372	18451
3373	12160
3374	23118
3375	45365
3376	42057
3377	51490
3378	10523
3379	14674
3380	22853
3381	699
3382	64803
3383	33602
3384	20551
3385	45818
3386	2761
3387	60844
3388	11884
3389	12260
3390	41626
3391	8233
3392	9786
3393	43815
3394	54417
3395	19791
3396	33833
3397	54638
3398	36380
3399	30104
3400	18508
3401	18609
3402	17154
3403	36959
3404	30769
3405	40272
3406	16788
3407	7291
3408	26226
3409	27311
3410	21965
3411	49080
3412	28011
3413	21232
3414	17146
3415	48562
3416	1514
3417	19907
3418	43870
3419	13398
3420	32167
3421	19960
3422	21632
3423	41954
3424	63776
3425	10513
3426	61745
3427	32073
3428	65151
3429	32589
3430	62177
3431	18123
3432	51199
3433	13795
3434	55082
3435	16432
3436	54068
3437	6334
3438	23723
3439	14758
3440	33646
3441	45689
3442	63838
3443	61657
3444	1385
3445	15449
3446	44683
3447	2900
3448	35356
3449	23018
3450	16298
3451	1988
3452	42978
3453	37930
3454	43942
3455	41218
3456	48443
3457	40151
3458	7755
3459	48058
3460	7205
3461	4396
3462	645
3463	58404
3464	18192
3465	55727
3466	9300
3467	6724
3468	62062
3469	33024
3470	21482
3471	30172
3472	13177
3473	19785
3474	26293
3475	14562
3476	35234
3477	5440
3478	17462
3479	5054
3480	28458
3481	33761
3482	7042
3483	5901
3484	6155
3485	50984
3486	47119
3487	54599
3488	25600
3489	54875
3490	37121
3491	32805
3492	59271
3493	37767
3494	25673
3495	11927
3496	27958
3497	34973
3498	18651
3499	24484
3500	2461
3501	40134
3502	54656
3503	15638
3504	59919
3505	15413
3506	30201
3507	29617
3508	20854
3509	47663
3510	34671
3511	49312
3512	15888
3513	41714
3514	55213
3515	22044
3516	27162
3517	36797
3518	11107
3519	52762
3520	26136
3521	48228
3522	20031
3523	19871
3524	20459
3525	45704
3526	31799
3527	48418
3528	15142
3529	50450
3530	7366
3531	17603
3532	25048
3533	62023
3534	33242
3535	19431
3536	11900
3537	63443
3538	49048
3539	32754
3540	45570
3541	18184
3542	16531
3543	61459
3544	59898
3545	6208
3546	17967
3547	21524
3548	43005
3549	29074
3550	8751
3551	3605
3552	11766
3553	28782
3554	23477
3555	32226
3556	8951
3557	55276
3558	15108
3559	24093
3560	40190
3561	22474
3562	41696
3563	65239
3564	18961
3565	9402
3566	19134
3567	30862
3568	7309
3569	2647
3570	63616
3571	52880
3572	20831
3573	14611
3574	48803
3575	15193
3576	20820
3577	1234
3578	36717
3579	63825
3580	30308
3581	45468
3582	1895
3583	42074
3584	8715
3585	25372
3586	8764
3587	17666
3588	15112
3589	23872
3590	41759
3591	55302
3592	46347
3593	17919
3594	55005
3595	65308
3596	27322
3597	8604
3598	30634
3599	34631
3600	11251
3601	28715
3602	21975
3603	32082
3604	43326
3605	5242
3606	47275
3607	64146
3608	6476
3609	18456
3610	62436
3611	36784
3612	63925
3613	64331
3614	13323
3615	7104
3616	24167
3617	22087
3618	24770
3619	39279
3620	45960
3621	993
3622	29045
3623	26771
3624	18912
3625	18515
3626	26543
3627	46234
3628	27119
3629	57178
3630	15330
3631	38370
3632	20357
3633	37305
3634	4916
3635	63683
3636	42548
3637	52191
3638	62294
3639	49024
3640	5111
3641	59194
3642	20273
3643	3500
3644	57989
3645	33596
3646	10604
3647	16620
3648	55683
3649	35374
3650	55899
3651	36107
3652	36367
3653	19408
3654	62878
3655	55280
3656	37923
3657	23886
3658	35978
3659	65042
3660	15528
3661	51308
3662	37876
3663	35885
3664	23078
3665	42792
3666	34032
3667	90
3668	29447
3669	30790
3670	49114
3671	34559
3672	24448
3673	3851
3674	38059
3675	16901
3676	37447
3677	48664
3678	33521
3679	27595
3680	18502
3681	23884
3682	63702
3683	54870
3684	43293
3685	61045
3686	44614
3687	15680
3688	19395
3689	15056
3690	15187
3691	34923
3692	829
3693	53063
3694	5272
3695	23907
3696	30320
3697	39304
3698	23997
3699	59767
3700	4559
3701	7575
3702	28790
3703	29007
3704	11427
3705	1314
3706	45909
3707	48874
3708	49978
3709	13894
3710	10933
3711	2944
3712	37779
3713	9100
3714	57814
3715	15536
3716	4609
3717	36892
3718	31216
3719	24004
3720	51949
3721	46403
3722	58927
3723	52778
3724	33931
3725	64199
3726	11149
3727	64251
3728	37967
3729	35146
3730	58482
3731	42526
3732	42721
3733	21737
3734	5998
3735	54148
3736	23051
3737	51907
3738	37487
3739	7493
3740	265
3741	48420
3742	10437
3743	38044
3744	57520
3745	2716
3746	53580
3747	62129
3748	39608
3749	19261
3750	20597
3751	26021
3752	128
3753	13988
3754	13263
3755	34059
3756	12651
3757	24412
3758	32774
3759	50619
3760	59558
3761	25721
3762	27609
3763	36744
3764	47458
3765	33607
3766	25356
3767	4973
3768	19978
3769	62843
3770	12466
3771	20244
3772	45728
3773	22903
3774	58288
3775	37712
3776	25619
3777	46333
3778	34306
3779	65228
3780	58
3781	54903
3782	25713
3783	186
3784	3356
3785	38977
3786	34246
3787	16007
3788	63389
3789	1484
3790	1090
3791	57412
3792	27205
3793	28700
3794	28620
3795	9127
3796	62307
3797	53976
3798	14100
3799	16750
3800	51284
3801	26566
3802	36994
3803	31476
3804	49470
3805	29746
3806	3652
3807	9553
3808	10543
3809	37958
3810	9245
3811	10601
3812	27326
3813	34959
3814	10788
3815	30682
3816	8400
3817	45034
3818	46689
3819	6253
3820	46518
3821	47780
3822	63665
3823	8188
3824	10944
3825	26749
3826	17315
3827	7715
3828	15190
3829	31416
3830	24465
3831	938
3832	57982
3833	61459
3834	32414
3835	41916
3836	25670
3837	36066
3838	51470
3839	36213
3840	8489
3841	60715
3842	46815
3843	35815
3844	30138
3845	57603
3846	961
3847	38538
3848	37101
3849	47650
3850	44792
3851	18083
3852	29894
3853	42921
3854	26271
3855	40838
3856	4135
3857	43587
3858	48554
3859	19325
3860	9467
3861	7483
3862	20263
3863	1913
3864	3407
3865	52677
3866	43830
3867	29077
3868	23207
3869	29764
3870	65290
3871	31696
3872	24943
3873	46569
3874	1975
3875	55082
3876	38636
3877	2936
3878	28084
3879	10201
3880	50587
3881	7340
3882	28285
3883	14945
3884	50262
3885	54556
3886	55784
3887	54397
3888	32607
3889	38802
3890	8186
3891	42074
3892	46285
3893	28449
3894	43988
3895	49692
3896	15590
3897	22282
3898	13233
3899	38797
3900	52046
3901	12988
3902	4958
3903	11453
3904	59557
3905	6933
3906	999
3907	32658
3908	9870
3909	29084
3910	42859
3911	60457
3912	36424
3913	5608
3914	9866
3915	21150
3916	60165
3917	114
3918	10011
3919	27236
3920	38916
3921	18197
3922	3775
3923	19666
3924	46646
3925	47763
3926	3822
3927	62236
3928	4509
3929	17056
3930	35498
3931	56555
3932	30044
3933	40456
3934	2472
3935	24065
3936	47389
3937	3472
3938	56723
3939	57259
3940	32556
3941	34047
3942	52180
3943	3444
3944	39655
3945	62047
3946	24595
3947	34284
3948	62161
3949	34606
3950	61521
3951	35542
3952	52804
3953	65296
3954	55208
3955	33914
3956	47523
3957	59030
3958	30615
3959	52032
3960	10550
3961	577
3962	43051
3963	40594
3964	41033
3965	45523
3966	64660
3967	22886
3968	48995
3969	55847
3970	14610
3971	16015
3972	24358
3973	1254
3974	19460
3975	64014
3976	63301
3977	44055
3978	32762
3979	59927
3980	13125
3981	28747
3982	29933
3983	393
3984	28507
3985	19605
3986	34308
3987	10494
3988	13099
3989	64923
3990	62526
3991	23650
3992	65500
3993	40041
3994	64244
3995	40997
3996	20029
3997	63368
3998	63883
3999	3488
4000	53680
4001	12957
4002	19504
4003	12502
4004	14212
4005	38964
4006	10980
4007	11977
4008	17483
4009	43743
4010	6368
4011	30608
4012	6954
4013	36301
4014	31002
4015	35462
4016	55906
4017	65310
4018	45956
4019	3470
4020	64697
4021	42947
4022	27120
4023	64661
4024	17452
4025	25828
4026	40122
4027	37481
4028	23661
4029	38469
4030	40970
4031	11805
4032	51427
4033	60474
4034	24307
4035	103
4036	33902
4037	35288
4038	12080
4039	51385
4040	13495
4041	18449
4042	16457
4043	20449
4044	54750
4045	47459
4046	55911
4047	45121
4048	47233
4049	36332
4050	48591
4051	46394
4052	13743
4053	10175
4054	45519
4055	31195
4056	36003
4057	20105
4058	3141
4059	59664
4060	58575
4061	44111
4062	5933
4063	44466
4064	39049
4065	30241
4066	44569
4067	7415
4068	65529
4069	56649
4070	58800
4071	13488
4072	9562
4073	9721
4074	33937
4075	64313
4076	57181
4077	24313
4078	43898
4079	38878
4080	60645
4081	26953
4082	19737
4083	8852
4084	37128
4085	65256
4086	40047
4087	7595
4088	19826
4089	43188
4090	1724
4091	12865
4092	21763
4093	7657
4094	57331
4095	60812
4096	37898
4097	36364
4098	2691
4099	37891
4100	27477
4101	61491
4102	51379
4103	37040
4104	5677
4105	19781
4106	35817
4107	62858
4108	44094
4109	14179
4110	36200
4111	39203
4112	41132
4113	55937
4114	48055
4115	12724
4116	55658
4117	22566
4118	20319
4119	9948
4120	219
4121	22043
4122	22813
4123	21982
4124	29701
4125	14608
4126	17259
4127	2063
4128	50972
4129	19950
4130	39955
4131	12913
4132	15906
4133	25798
4134	49953
4135	21583
4136	45579
4137	20234
4138	18905
4139	24137
4140	34413
4141	55105
4142	63340
4143	10009
4144	45507
4145	45859
4146	22733
4147	35629
4148	2890
4149	43053
4150	45577
4151	3109
4152	65096
4153	2854
4154	25091
4155	29261
4156	17462
4157	42350
4158	31325
4159	2898
4160	62301
4161	5744
4162	15811
4163	12671
4164	31542
4165	229
4166	34254
4167	11586
4168	20463
4169	53159
4170	35723
4171	54877
4172	42728
4173	33528
4174	64886
4175	22699
4176	13851
4177	22084
4178	58328
4179	16741
4180	65137
4181	38369
4182	19850
4183	64697
4184	41223
4185	44942
4186	28423
4187	58685
4188	21756
4189	59748
4190	61583
4191	18521
4192	65492
4193	11859
4194	31192
4195	31498
4196	12088
4197	65446
4198	43084
4199	32551
4200	53069
4201	13272
4202	21892
4203	30262
4204	46800
4205	21243
4206	52961
4207	60651
4208	43327
4209	45754
4210	11857
4211	42928
4212	18587
4213	31707
4214	42089
4215	59811
4216	11113
4217	4976
4218	52960
4219	32870
4220	64724
4221	49008
4222	51391
4223	64680
4224	60867
4225	17048
4226	30643
4227	7419
4228	16958
4229	8191
4230	39970
4231	4492
4232	21463
4233	61863
4234	34754
4235	2727
4236	17570
4237	22179
4238	63379
4239	60897
4240	2397
4241	9700
4242	38289
4243	20985
4244	41407
4245	14842
4246	15260
4247	52521
4248	19819
4249	2684
4250	19855
4251	19007
4252	51692
4253	5710
4254	18152
4255	47023
4256	22758
4257	48795
4258	54442
4259	39717
4260	56986
4261	28877
4262	44209
4263	12914
4264	25204
4265	13427
4266	15641
4267	42774
4268	35606
4269	13484
4270	38135
4271	38004
4272	23184
4273	10888
4274	58989
4275	64592
4276	25730
4277	8713
4278	51577
4279	45549
4280	11397
4281	5896
4282	64557
4283	63090
4284	11606
4285	17173
4286	44577
4287	34365
4288	432
4289	33484
4290	8546
4291	57418
4292	62361
4293	52755
4294	4796
4295	22029
4296	646
4297	20438
4298	64803
4299	36252
4300	33922
4301	37402
4302	8720
4303	57107
4304	48290
4305	2173
4306	56163
4307	8484
4308	10886
4309	42204
4310	54034
4311	22284
4312	48100
4313	53055
4314	19838
4315	59706
4316	4692
4317	64415
4318	28535
4319	5124
4320	32363
4321	37081
4322	62542
4323	29188
4324	24300
4325	1803
4326	51217
4327	24946
4328	22241
4329	50484
4330	61199
4331	56163
4332	22350
4333	4383
4334	47734
4335	5104
4336	6557
4337	38361
4338	13589
4339	17443
4340	15029
4341	2087
4342	39727
4343	63129
4344	55142
4345	59565
4346	57300
4347	59834
4348	58445
4349	20299
4350	64958
4351	25272
4352	57381
4353	61964
4354	54461
4355	16145
4356	63767
4357	40142
4358	41092
4359	20472
4360	25091
4361	36755
4362	11100
4363	47441
4364	41138
4365	58834
4366	52546
4367	47695
4368	31660
4369	599
4370	65139
4371	46689
4372	2686
4373	39330
4374	44283
4375	57828
4376	33360
4377	36047
4378	52126
4379	26269
4380	56346
4381	51548
4382	51541
4383	48191
4384	47976
4385	40466
4386	64337
4387	46208
4388	15073
4389	39893
4390	1144
4391	40164
4392	11112
4393	12244
4394	22069
4395	52250
4396	5543
4397	9079
4398	34410
4399	37203
4400	9678
4401	34013
4402	18356
4403	12364
4404	7807
4405	62639
4406	4656
4407	41167
4408	33150
4409	56782
4410	1900
4411	23961
4412	42794
4413	53442
4414	6616
4415	25235
4416	28372
4417	5417
4418	5907
4419	43445
4420	45310
4421	7051
4422	18073
4423	56422
4424	19296
4425	40143
4426	43137
4427	24839
4428	49222
4429	12011
4430	62042
4431	58901
4432	46024
4433	14862
4434	5729
4435	53831
4436	11966
4437	10386
4438	29463
4439	45116
4440	1632
4441	31363
4442	3541
4443	44427
4444	19269
4445	10158
4446	4126
4447	47642
4448	15575
4449	10033
4450	25551
4451	60886
4452	17084
4453	43625
4454	51772
4455	36380
4456	18232
4457	29373
4458	61219
4459	1918
4460	41384
4461	57725
4462	60819
4463	21872
4464	7052
4465	1013
4466	10168
4467	19018
4468	11399
4469	39631
4470	64134
4471	13031
4472	5458
4473	2140
4474	57458
4475	24728
4476	12298
4477	61584
4478	6834
4479	27873
4480	6081
4481	32385
4482	23223
4483	23166
4484	10474
4485	9460
4486	59546
4487	28706
4488	38833
4489	55230
4490	30625
4491	14682
4492	47419
4493	25908
4494	36554
4495	54471
4496	26921
4497	46722
4498	7953
4499	38320
4500	20817
4501	6552
4502	51352
4503	26276
4504	8692
4505	43274
4506	51004
4507	20990
4508	39323
4509	57838
4510	48863
4511	45404
4512	24687
4513	6551
4514	3034
4515	35162
4516	16011
4517	62581
4518	63868
4519	54844
4520	52275
4521	28957
4522	3990
4523	34158
4524	54866
4525	40545
4526	23094
4527	16251
4528	21731
4529	31047
4530	54572
4531	42549
4532	37599
4533	40388
4534	3289
4535	46291
4536	18126
4537	54293
4538	1745
4539	57449
4540	46595
4541	50609
4542	37318
4543	5746
4544	57160
4545	40352
4546	40908
4547	7635
4548	37397
4549	39241
4550	62479
4551	24136
4552	2662
4553	934
4554	58295
4555	57528
4556	41479
4557	15853
4558	8244
4559	63210
4560	46900
4561	62816
4562	40223
4563	18964
4564	37668
4565	43512
4566	65255
4567	55794
4568	32269
4569	1465
4570	47708
4571	13328
4572	52074
4573	19490
4574	19075
4575	43698
4576	59842
4577	59983
4578	51333
4579	31704
4580	33688
4581	48276
4582	55840
4583	36351
4584	49210
4585	48599
4586	28343
4587	25153
4588	64452
4589	36587
4590	22828
4591	45817
4592	33867
4593	63051
4594	64781
4595	5999
4596	41028
4597	64500
4598	61794
4599	7761
4600	429
4601	43966
4602	21090
4603	52503
4604	63456
4605	40165
4606	30665
4607	57762
4608	34612
4609	16462
4610	23930
4611	2765
4612	64739
4613	14235
4614	39116
4615	48413
4616	62834
4617	1923
4618	8031
4619	61751
4620	38511
4621	30859
4622	42032
4623	6842
4624	28374
4625	41277
4626	12842
4627	3866
4628	40241
4629	9100
4630	11628
4631	40671
4632	53066
4633	32718
4634	27638
4635	50986
4636	7347
4637	58304
4638	43212
4639	41959
4640	9230
4641	1607
4642	44724
4643	8433
4644	15842
4645	18304
4646	56847
4647	13140
4648	20228
4649	64878
4650	9355
4651	58739
4652	30201
4653	51387
4654	45
4655	58575
4656	27128
4657	12887
4658	62442
4659	1834
4660	21987
4661	8534
4662	42505
4663	9517
4664	41252
4665	4607
4666	60503
4667	48599
4668	62911
4669	38180
4670	25022
4671	6606
4672	39787
4673	4211
4674	15039
4675	55629
4676	22515
4677	6350
4678	3233
4679	42743
4680	5692
4681	12589
4682	35946
4683	35893
4684	63976
4685	35992
4686	28933
4687	25569
4688	48879
4689	25839
4690	27403
4691	5331
4692	34373
4693	4372
4694	14848
4695	10089
4696	8979
4697	9816
4698	58688
4699	6355
4700	47996
4701	18174
4702	12961
4703	22247
4704	22385
4705	28000
4706	12340
4707	44901
4708	34351
4709	15573
4710	22108
4711	40043
4712	28162
4713	58055
4714	10401
4715	26603
4716	28511
4717	39334
4718	52172
4719	11854
4720	65173
4721	14039
4722	17185
4723	34010
4724	18411
4725	32034
4726	44099
4727	27390
4728	41850
4729	37251
4730	33745
4731	24310
4732	55425
4733	46706
4734	46557
4735	12275
4736	9171
4737	58897
4738	57176
4739	43522
4740	8934
4741	13748
4742	18029
4743	37097
4744	6267
4745	28430
4746	63700
4747	34778
4748	2228
4749	50336
4750	46633
4751	1865
4752	64375
4753	63818
4754	35875
4755	17250
4756	30316
4757	14438
4758	44640
4759	6630
4760	51689
4761	12850
4762	30940
4763	41579
4764	59556
4765	11961
4766	53854
4767	3191
4768	5322
4769	45494
4770	46713
4771	14257
4772	59242
4773	64743
4774	51354
4775	65510
4776	27637
4777	49518
4778	34752
4779	29866
4780	34318
4781	15849
4782	31731
4783	33157
4784	14132
4785	2071
4786	50407
4787	44448
4788	16509
4789	29511
4790	51079
4791	2663
4792	42361
4793	16483
4794	44242
4795	36382
4796	28445
4797	32560
4798	39573
4799	33767
4800	12518
4801	20751
4802	48024
4803	6224
4804	19958
4805	33842
4806	6198
4807	47595
4808	17824
4809	40951
4810	11925
4811	52142
4812	56800
4813	43657
4814	19763
4815	5396
4816	45728
4817	4634
4818	49845
4819	62237
4820	34146
4821	35388
4822	64900
4823	10971
4824	51871
4825	43606
4826	47353
4827	14780
4828	10630
4829	21391
4830	48548
4831	23148
4832	42142
4833	31036
4834	29373
4835	62100
4836	64879
4837	35571
4838	44159
4839	17167
4840	10986
4841	56085
4842	3774
4843	2251
4844	34206
4845	23537
4846	7647
4847	14398
4848	28172
4849	57492
4850	11099
4851	62318
4852	27344
4853	10464
4854	7753
4855	13680
4856	54070
4857	55107
4858	28460
4859	64701
4860	10962
4861	11472
4862	22313
4863	53104
4864	42509
4865	51686
4866	49668
4867	41852
4868	21722
4869	28291
4870	59019
4871	32708
4872	18840
4873	62793
4874	34959
4875	53046
4876	20795
4877	42607
4878	1908
4879	48967
4880	34563
4881	13008
4882	45749
4883	61908
4884	23472
4885	53502
4886	10052
4887	12006
4888	43073
4889	38512
4890	11171
4891	54035
4892	49985
4893	33485
4894	41603
4895	26958
4896	19635
4897	25735
4898	3274
4899	41357
4900	54027
4901	62293
4902	8530
4903	7331
4904	59551
4905	43489
4906	60378
4907	14810
4908	20560
4909	62286
4910	63777
4911	55124
4912	9758
4913	43990
4914	51496
4915	33230
4916	31956
4917	61548
4918	45237
4919	9494
4920	34524
4921	56408
4922	63529
4923	18973
4924	24357
4925	39597
4926	45931
4927	43993
4928	65332
4929	49205
4930	19814
4931	53823
4932	45963
4933	28344
4934	61155
4935	39978
4936	6298
4937	55997
4938	54788
4939	26858
4940	52747
4941	53029
4942	16446
4943	62506
4944	31483
4945	2406
4946	30200
4947	63439
4948	63954
4949	9901
4950	7397
4951	32943
4952	774
4953	5391
4954	51916
4955	25131
4956	44988
4957	32312
4958	3588
4959	44784
4960	15981
4961	23403
4962	33072
4963	61944
4964	51747
4965	28691
4966	36386
4967	58045
4968	19152
4969	25638
4970	19368
4971	6363
4972	13131
4973	35814
4974	3333
4975	44614
4976	38221
4977	33534
4978	42518
4979	36639
4980	43435
4981	49915
4982	4046
4983	44209
4984	55306
4985	55963
4986	3805
4987	34758
4988	22739
4989	7393
4990	14007
4991	38720
4992	30796
4993	47079
4994	35129
4995	17008
4996	10234
4997	5979
4998	9517
4999	29386
